9780205172863
9780205672660
9780558766849
9781285117881
9780321588760
9780135042939
9780321656926
9780321755957
9780495662242
9780393934236
9781256292395
9781256168560
9780135042922
9780618547203
9781424080199
9780321652805
9781133103752
9780472081011
9780321387004
9781133191353
9780840049315
9781111427245
9780136012603
9780136114994
9781133108511
9780935702996
9780935702439
9780073104454
9780321644688
9780321644923
9780470458310
9780132936491
9780132936330
9781429240024
9780321596956
9781133108931
9780470565155
9781133106296
9780935702750
9781439854860
9781118554937
9780840054982
9781428263925
9780393138092
9780072392661
9780716776017
9780757589881
9781111426811
9781891389337
9781891389399
9780024276919
9780262033848
9781435455009
9780071615860
9780132847377
9780130473943
9780132662369
9781429280471
9780393919677
9780133760033
9780805303087
9781133271130
9781111428242
9780321592583
9781133108795
9780471661795
9780130938381
9780195105858
9780073532165
9780136054252
9780321625915
9780805385663
9780471198260
9780132139311